     2 -0,864762967604246
  2,16 -0,794149821476748
  2,32 -0,533897538963606
  2,48 -0,105234612792313
  2,64 0,429946746374409
   2,8 0,978924491577392
  2,96 1,434904284937
  3,12 1,69762195068919
  3,28 1,69389898350353
  3,44 1,3941604443437
   3,6 0,821566668132107
  3,76 0,0516867067220126
  3,92 -0,797669236823973
  4,08 -1,58503728270633
  4,24 -2,16929085924649
   4,4 -2,43492310174651
  4,56 -2,31411987136757
  4,72 -1,80152706111293
  4,88 -0,958761487196018
  5,04 0,092581783552442
   5,2 1,18869612439515
  5,36 2,14946327350354
  5,52 2,80833465141542
  5,68 3,04120428597157
  5,84 2,78928165313902
     6 2,07182963569406
  6,16 0,986224410633726
  6,32 -0,305132274446864
  6,48 -1,59930308052412
  6,64 -2,68497857115118
   6,8 -3,37717573933084
  6,96 -3,54874996524604
  7,12 -3,15336157564616
  7,28 -2,23580957026465
  7,44 -0,927634349307758
   7,6 0,571716926412672
  7,76 2,02546404790446
  7,92 3,19709107487134
  8,08 3,88896658381392
  8,24 3,97566307179453
   8,4 3,42636603324223
  8,56 2,31241986141048
  8,72 0,798403774040318
  8,88 -0,88220553649106
  9,04 -2,46317866039921
   9,2 -3,68786642224492
  9,36 -4,3509658557788
  9,52 -4,33290943859542
  9,68 -3,62112500271198
  9,84 -2,31443144593056
